0.41600000000000004 -0.032 1.0
0.448 -0.032 1.0
0.48 -0.032 1.0
0.512 -0.032 1.0
0.544 -0.032 1.0
0.608 -0.032 1.0
0.64 -0.032 1.0
0.672 -0.032 1.0
0.704 -0.032 1.0
0.736 -0.032 1.0
0.41600000000000004 -0.064 1.0
0.448 -0.064 1.0
0.48 -0.064 1.0
0.512 -0.064 1.0
0.544 -0.064 1.0
0.608 -0.064 1.0
0.64 -0.064 1.0
0.672 -0.064 1.0
0.704 -0.064 1.0
0.736 -0.064 1.0
0.41600000000000004 -0.096 1.0
0.448 -0.096 1.0
0.48 -0.096 1.0
0.512 -0.096 1.0
0.544 -0.096 1.0
0.608 -0.096 1.0
0.64 -0.096 1.0
0.672 -0.096 1.0
0.704 -0.096 1.0
0.736 -0.096 1.0
0.41600000000000004 -0.128 1.0
0.448 -0.128 1.0
0.48 -0.128 1.0
0.512 -0.128 1.0
0.544 -0.128 1.0
0.608 -0.128 1.0
0.64 -0.128 1.0
0.672 -0.128 1.0
0.704 -0.128 1.0
0.736 -0.128 1.0
0.41600000000000004 -0.16 1.0
0.448 -0.16 1.0
0.48 -0.16 1.0
0.512 -0.16 1.0
0.544 -0.16 1.0
0.608 -0.16 1.0
0.64 -0.16 1.0
0.672 -0.16 1.0
0.704 -0.16 1.0
0.736 -0.16 1.0
0.224 -0.224 1.0
0.256 -0.224 1.0
0.28800000000000003 -0.224 1.0
0.32 -0.224 1.0
0.352 -0.224 1.0
0.41600000000000004 -0.224 1.0
0.448 -0.224 1.0
0.48 -0.224 1.0
0.512 -0.224 1.0
0.544 -0.224 1.0
0.608 -0.224 1.0
0.64 -0.224 1.0
0.672 -0.224 1.0
0.704 -0.224 1.0
0.736 -0.224 1.0
0.8 -0.224 1.0
0.8320000000000001 -0.224 1.0
0.864 -0.224 1.0
0.896 -0.224 1.0
0.928 -0.224 1.0
0.224 -0.256 1.0
0.256 -0.256 1.0
0.28800000000000003 -0.256 1.0
0.32 -0.256 1.0
0.352 -0.256 1.0
0.41600000000000004 -0.256 1.0
0.448 -0.256 1.0
0.48 -0.256 1.0
0.512 -0.256 1.0
0.544 -0.256 1.0
0.608 -0.256 1.0
0.64 -0.256 1.0
0.672 -0.256 1.0
0.704 -0.256 1.0
0.736 -0.256 1.0
0.8 -0.256 1.0
0.8320000000000001 -0.256 1.0
0.864 -0.256 1.0
0.896 -0.256 1.0
0.928 -0.256 1.0
0.224 -0.28800000000000003 1.0
0.256 -0.28800000000000003 1.0
0.28800000000000003 -0.28800000000000003 1.0
0.32 -0.28800000000000003 1.0
0.352 -0.28800000000000003 1.0
0.41600000000000004 -0.28800000000000003 1.0
0.448 -0.28800000000000003 1.0
0.48 -0.28800000000000003 1.0
0.512 -0.28800000000000003 1.0
0.544 -0.28800000000000003 1.0
0.608 -0.28800000000000003 1.0
0.64 -0.28800000000000003 1.0
0.672 -0.28800000000000003 1.0
0.704 -0.28800000000000003 1.0
0.736 -0.28800000000000003 1.0
0.8 -0.28800000000000003 1.0
0.8320000000000001 -0.28800000000000003 1.0
0.864 -0.28800000000000003 1.0
0.896 -0.28800000000000003 1.0
0.928 -0.28800000000000003 1.0
0.224 -0.32 1.0
0.256 -0.32 1.0
0.28800000000000003 -0.32 1.0
0.32 -0.32 1.0
0.352 -0.32 1.0
0.41600000000000004 -0.32 1.0
0.448 -0.32 1.0
0.48 -0.32 1.0
0.512 -0.32 1.0
0.544 -0.32 1.0
0.608 -0.32 1.0
0.64 -0.32 1.0
0.672 -0.32 1.0
0.704 -0.32 1.0
0.736 -0.32 1.0
0.8 -0.32 1.0
0.8320000000000001 -0.32 1.0
0.864 -0.32 1.0
0.896 -0.32 1.0
0.928 -0.32 1.0
0.224 -0.352 1.0
0.256 -0.352 1.0
0.28800000000000003 -0.352 1.0
0.32 -0.352 1.0
0.352 -0.352 1.0
0.41600000000000004 -0.352 1.0
0.448 -0.352 1.0
0.48 -0.352 1.0
0.512 -0.352 1.0
0.544 -0.352 1.0
0.608 -0.352 1.0
0.64 -0.352 1.0
0.672 -0.352 1.0
0.704 -0.352 1.0
0.736 -0.352 1.0
0.8 -0.352 1.0
0.8320000000000001 -0.352 1.0
0.864 -0.352 1.0
0.896 -0.352 1.0
0.928 -0.352 1.0
0.032 -0.41600000000000004 1.0
0.064 -0.41600000000000004 1.0
0.096 -0.41600000000000004 1.0
0.128 -0.41600000000000004 1.0
0.16 -0.41600000000000004 1.0
0.224 -0.41600000000000004 1.0
0.256 -0.41600000000000004 1.0
0.28800000000000003 -0.41600000000000004 1.0
0.32 -0.41600000000000004 1.0
0.352 -0.41600000000000004 1.0
0.41600000000000004 -0.41600000000000004 1.0
0.448 -0.41600000000000004 1.0
0.48 -0.41600000000000004 1.0
0.512 -0.41600000000000004 1.0
0.544 -0.41600000000000004 1.0
0.608 -0.41600000000000004 1.0
0.64 -0.41600000000000004 1.0
0.672 -0.41600000000000004 1.0
0.704 -0.41600000000000004 1.0
0.736 -0.41600000000000004 1.0
0.8 -0.41600000000000004 1.0
0.8320000000000001 -0.41600000000000004 1.0
0.864 -0.41600000000000004 1.0
0.896 -0.41600000000000004 1.0
0.928 -0.41600000000000004 1.0
0.992 -0.41600000000000004 1.0
1.024 -0.41600000000000004 1.0
1.056 -0.41600000000000004 1.0
1.088 -0.41600000000000004 1.0
1.12 -0.41600000000000004 1.0
0.032 -0.448 1.0
0.064 -0.448 1.0
0.096 -0.448 1.0
0.128 -0.448 1.0
0.16 -0.448 1.0
0.224 -0.448 1.0
0.256 -0.448 1.0
0.28800000000000003 -0.448 1.0
0.32 -0.448 1.0
0.352 -0.448 1.0
0.41600000000000004 -0.448 1.0
0.448 -0.448 1.0
0.48 -0.448 1.0
0.512 -0.448 1.0
0.544 -0.448 1.0
0.608 -0.448 1.0
0.64 -0.448 1.0
0.672 -0.448 1.0
0.704 -0.448 1.0
0.736 -0.448 1.0
0.8 -0.448 1.0
0.8320000000000001 -0.448 1.0
0.864 -0.448 1.0
0.896 -0.448 1.0
0.928 -0.448 1.0
0.992 -0.448 1.0
1.024 -0.448 1.0
1.056 -0.448 1.0
1.088 -0.448 1.0
1.12 -0.448 1.0
0.032 -0.48 1.0
0.064 -0.48 1.0
0.096 -0.48 1.0
0.128 -0.48 1.0
0.16 -0.48 1.0
0.224 -0.48 1.0
0.256 -0.48 1.0
0.28800000000000003 -0.48 1.0
0.32 -0.48 1.0
0.352 -0.48 1.0
0.41600000000000004 -0.48 1.0
0.448 -0.48 1.0
0.48 -0.48 1.0
0.512 -0.48 1.0
0.544 -0.48 1.0
0.608 -0.48 1.0
0.64 -0.48 1.0
0.672 -0.48 1.0
0.704 -0.48 1.0
0.736 -0.48 1.0
0.8 -0.48 1.0
0.8320000000000001 -0.48 1.0
0.864 -0.48 1.0
0.896 -0.48 1.0
0.928 -0.48 1.0
0.992 -0.48 1.0
1.024 -0.48 1.0
1.056 -0.48 1.0
1.088 -0.48 1.0
1.12 -0.48 1.0
0.032 -0.512 1.0
0.064 -0.512 1.0
0.096 -0.512 1.0
0.128 -0.512 1.0
0.16 -0.512 1.0
0.224 -0.512 1.0
0.256 -0.512 1.0
0.28800000000000003 -0.512 1.0
0.32 -0.512 1.0
0.352 -0.512 1.0
0.41600000000000004 -0.512 1.0
0.448 -0.512 1.0
0.48 -0.512 1.0
0.512 -0.512 1.0
0.544 -0.512 1.0
0.608 -0.512 1.0
0.64 -0.512 1.0
0.672 -0.512 1.0
0.704 -0.512 1.0
0.736 -0.512 1.0
0.8 -0.512 1.0
0.8320000000000001 -0.512 1.0
0.864 -0.512 1.0
0.896 -0.512 1.0
0.928 -0.512 1.0
0.992 -0.512 1.0
1.024 -0.512 1.0
1.056 -0.512 1.0
1.088 -0.512 1.0
1.12 -0.512 1.0
0.032 -0.544 1.0
0.064 -0.544 1.0
0.096 -0.544 1.0
0.128 -0.544 1.0
0.16 -0.544 1.0
0.224 -0.544 1.0
0.256 -0.544 1.0
0.28800000000000003 -0.544 1.0
0.32 -0.544 1.0
0.352 -0.544 1.0
0.41600000000000004 -0.544 1.0
0.448 -0.544 1.0
0.48 -0.544 1.0
0.512 -0.544 1.0
0.544 -0.544 1.0
0.608 -0.544 1.0
0.64 -0.544 1.0
0.672 -0.544 1.0
0.704 -0.544 1.0
0.736 -0.544 1.0
0.8 -0.544 1.0
0.8320000000000001 -0.544 1.0
0.864 -0.544 1.0
0.896 -0.544 1.0
0.928 -0.544 1.0
0.992 -0.544 1.0
1.024 -0.544 1.0
1.056 -0.544 1.0
1.088 -0.544 1.0
1.12 -0.544 1.0
0.032 -0.608 1.0
0.064 -0.608 1.0
0.096 -0.608 1.0
0.128 -0.608 1.0
0.16 -0.608 1.0
0.224 -0.608 1.0
0.256 -0.608 1.0
0.28800000000000003 -0.608 1.0
0.32 -0.608 1.0
0.352 -0.608 1.0
0.41600000000000004 -0.608 1.0
0.448 -0.608 1.0
0.48 -0.608 1.0
0.512 -0.608 1.0
0.544 -0.608 1.0
0.608 -0.608 1.0
0.64 -0.608 1.0
0.672 -0.608 1.0
0.704 -0.608 1.0
0.736 -0.608 1.0
0.8 -0.608 1.0
0.8320000000000001 -0.608 1.0
0.864 -0.608 1.0
0.896 -0.608 1.0
0.928 -0.608 1.0
0.992 -0.608 1.0
1.024 -0.608 1.0
1.056 -0.608 1.0
1.088 -0.608 1.0
1.12 -0.608 1.0
0.032 -0.64 1.0
0.064 -0.64 1.0
0.096 -0.64 1.0
0.128 -0.64 1.0
0.16 -0.64 1.0
0.224 -0.64 1.0
0.256 -0.64 1.0
0.28800000000000003 -0.64 1.0
0.32 -0.64 1.0
0.352 -0.64 1.0
0.41600000000000004 -0.64 1.0
0.448 -0.64 1.0
0.48 -0.64 1.0
0.512 -0.64 1.0
0.544 -0.64 1.0
0.608 -0.64 1.0
0.64 -0.64 1.0
0.672 -0.64 1.0
0.704 -0.64 1.0
0.736 -0.64 1.0
0.8 -0.64 1.0
0.8320000000000001 -0.64 1.0
0.864 -0.64 1.0
0.896 -0.64 1.0
0.928 -0.64 1.0
0.992 -0.64 1.0
1.024 -0.64 1.0
1.056 -0.64 1.0
1.088 -0.64 1.0
1.12 -0.64 1.0
0.032 -0.672 1.0
0.064 -0.672 1.0
0.096 -0.672 1.0
0.128 -0.672 1.0
0.16 -0.672 1.0
0.224 -0.672 1.0
0.256 -0.672 1.0
0.28800000000000003 -0.672 1.0
0.32 -0.672 1.0
0.352 -0.672 1.0
0.41600000000000004 -0.672 1.0
0.448 -0.672 1.0
0.48 -0.672 1.0
0.512 -0.672 1.0
0.544 -0.672 1.0
0.608 -0.672 1.0
0.64 -0.672 1.0
0.672 -0.672 1.0
0.704 -0.672 1.0
0.736 -0.672 1.0
0.8 -0.672 1.0
0.8320000000000001 -0.672 1.0
0.864 -0.672 1.0
0.896 -0.672 1.0
0.928 -0.672 1.0
0.992 -0.672 1.0
1.024 -0.672 1.0
1.056 -0.672 1.0
1.088 -0.672 1.0
1.12 -0.672 1.0
0.032 -0.704 1.0
0.064 -0.704 1.0
0.096 -0.704 1.0
0.128 -0.704 1.0
0.16 -0.704 1.0
0.224 -0.704 1.0
0.256 -0.704 1.0
0.28800000000000003 -0.704 1.0
0.32 -0.704 1.0
0.352 -0.704 1.0
0.41600000000000004 -0.704 1.0
0.448 -0.704 1.0
0.48 -0.704 1.0
0.512 -0.704 1.0
0.544 -0.704 1.0
0.608 -0.704 1.0
0.64 -0.704 1.0
0.672 -0.704 1.0
0.704 -0.704 1.0
0.736 -0.704 1.0
0.8 -0.704 1.0
0.8320000000000001 -0.704 1.0
0.864 -0.704 1.0
0.896 -0.704 1.0
0.928 -0.704 1.0
0.992 -0.704 1.0
1.024 -0.704 1.0
1.056 -0.704 1.0
1.088 -0.704 1.0
1.12 -0.704 1.0
0.032 -0.736 1.0
0.064 -0.736 1.0
0.096 -0.736 1.0
0.128 -0.736 1.0
0.16 -0.736 1.0
0.224 -0.736 1.0
0.256 -0.736 1.0
0.28800000000000003 -0.736 1.0
0.32 -0.736 1.0
0.352 -0.736 1.0
0.41600000000000004 -0.736 1.0
0.448 -0.736 1.0
0.48 -0.736 1.0
0.512 -0.736 1.0
0.544 -0.736 1.0
0.608 -0.736 1.0
0.64 -0.736 1.0
0.672 -0.736 1.0
0.704 -0.736 1.0
0.736 -0.736 1.0
0.8 -0.736 1.0
0.8320000000000001 -0.736 1.0
0.864 -0.736 1.0
0.896 -0.736 1.0
0.928 -0.736 1.0
0.992 -0.736 1.0
1.024 -0.736 1.0
1.056 -0.736 1.0
1.088 -0.736 1.0
1.12 -0.736 1.0
0.224 -0.8 1.0
0.256 -0.8 1.0
0.28800000000000003 -0.8 1.0
0.32 -0.8 1.0
0.352 -0.8 1.0
0.41600000000000004 -0.8 1.0
0.448 -0.8 1.0
0.48 -0.8 1.0
0.512 -0.8 1.0
0.544 -0.8 1.0
0.608 -0.8 1.0
0.64 -0.8 1.0
0.672 -0.8 1.0
0.704 -0.8 1.0
0.736 -0.8 1.0
0.8 -0.8 1.0
0.8320000000000001 -0.8 1.0
0.864 -0.8 1.0
0.896 -0.8 1.0
0.928 -0.8 1.0
0.224 -0.8320000000000001 1.0
0.256 -0.8320000000000001 1.0
0.28800000000000003 -0.8320000000000001 1.0
0.32 -0.8320000000000001 1.0
0.352 -0.8320000000000001 1.0
0.41600000000000004 -0.8320000000000001 1.0
0.448 -0.8320000000000001 1.0
0.48 -0.8320000000000001 1.0
0.512 -0.8320000000000001 1.0
0.544 -0.8320000000000001 1.0
0.608 -0.8320000000000001 1.0
0.64 -0.8320000000000001 1.0
0.672 -0.8320000000000001 1.0
0.704 -0.8320000000000001 1.0
0.736 -0.8320000000000001 1.0
0.8 -0.8320000000000001 1.0
0.8320000000000001 -0.8320000000000001 1.0
0.864 -0.8320000000000001 1.0
0.896 -0.8320000000000001 1.0
0.928 -0.8320000000000001 1.0
0.224 -0.864 1.0
0.256 -0.864 1.0
0.28800000000000003 -0.864 1.0
0.32 -0.864 1.0
0.352 -0.864 1.0
0.41600000000000004 -0.864 1.0
0.448 -0.864 1.0
0.48 -0.864 1.0
0.512 -0.864 1.0
0.544 -0.864 1.0
0.608 -0.864 1.0
0.64 -0.864 1.0
0.672 -0.864 1.0
0.704 -0.864 1.0
0.736 -0.864 1.0
0.8 -0.864 1.0
0.8320000000000001 -0.864 1.0
0.864 -0.864 1.0
0.896 -0.864 1.0
0.928 -0.864 1.0
0.224 -0.896 1.0
0.256 -0.896 1.0
0.28800000000000003 -0.896 1.0
0.32 -0.896 1.0
0.352 -0.896 1.0
0.41600000000000004 -0.896 1.0
0.448 -0.896 1.0
0.48 -0.896 1.0
0.512 -0.896 1.0
0.544 -0.896 1.0
0.608 -0.896 1.0
0.64 -0.896 1.0
0.672 -0.896 1.0
0.704 -0.896 1.0
0.736 -0.896 1.0
0.8 -0.896 1.0
0.8320000000000001 -0.896 1.0
0.864 -0.896 1.0
0.896 -0.896 1.0
0.928 -0.896 1.0
0.224 -0.928 1.0
0.256 -0.928 1.0
0.28800000000000003 -0.928 1.0
0.32 -0.928 1.0
0.352 -0.928 1.0
0.41600000000000004 -0.928 1.0
0.448 -0.928 1.0
0.48 -0.928 1.0
0.512 -0.928 1.0
0.544 -0.928 1.0
0.608 -0.928 1.0
0.64 -0.928 1.0
0.672 -0.928 1.0
0.704 -0.928 1.0
0.736 -0.928 1.0
0.8 -0.928 1.0
0.8320000000000001 -0.928 1.0
0.864 -0.928 1.0
0.896 -0.928 1.0
0.928 -0.928 1.0
0.41600000000000004 -0.992 1.0
0.448 -0.992 1.0
0.48 -0.992 1.0
0.512 -0.992 1.0
0.544 -0.992 1.0
0.608 -0.992 1.0
0.64 -0.992 1.0
0.672 -0.992 1.0
0.704 -0.992 1.0
0.736 -0.992 1.0
0.41600000000000004 -1.024 1.0
0.448 -1.024 1.0
0.48 -1.024 1.0
0.512 -1.024 1.0
0.544 -1.024 1.0
0.608 -1.024 1.0
0.64 -1.024 1.0
0.672 -1.024 1.0
0.704 -1.024 1.0
0.736 -1.024 1.0
0.41600000000000004 -1.056 1.0
0.448 -1.056 1.0
0.48 -1.056 1.0
0.512 -1.056 1.0
0.544 -1.056 1.0
0.608 -1.056 1.0
0.64 -1.056 1.0
0.672 -1.056 1.0
0.704 -1.056 1.0
0.736 -1.056 1.0
0.41600000000000004 -1.088 1.0
0.448 -1.088 1.0
0.48 -1.088 1.0
0.512 -1.088 1.0
0.544 -1.088 1.0
0.608 -1.088 1.0
0.64 -1.088 1.0
0.672 -1.088 1.0
0.704 -1.088 1.0
0.736 -1.088 1.0
0.41600000000000004 -1.12 1.0
0.448 -1.12 1.0
0.48 -1.12 1.0
0.512 -1.12 1.0
0.544 -1.12 1.0
0.608 -1.12 1.0
0.64 -1.12 1.0
0.672 -1.12 1.0
0.704 -1.12 1.0
0.736 -1.12 1.0
